[gd_scene load_steps=5 format=3 uid="uid://qdtuwd8w723k"]

[ext_resource type="Script" uid="uid://d4l1733n0hx3u" path="res://star_cluster.gd" id="1_tpb4p"]
[ext_resource type="PackedScene" uid="uid://c6h15vi3l4y8a" path="res://star.tscn" id="2_jmsol"]
[ext_resource type="Texture2D" uid="uid://c583xmajg272d" path="res://assets/star_medium.png" id="3_eykm3"]
[ext_resource type="Texture2D" uid="uid://bu6rokk325ecg" path="res://assets/star_big.png" id="4_1rq5s"]

[node name="Star Cluster Seahorse" type="Node3D"]
script = ExtResource("1_tpb4p")

[node name="Rotator" type="Node3D" parent="."]
transform = Transform3D(1, 0, 0, 0, 1, 0, 0, 0, 1, 0, 0, -4)

[node name="Constellation" type="Node3D" parent="Rotator"]

[node name="1" parent="Rotator/Constellation" instance=ExtResource("2_jmsol")]
transform = Transform3D(0.999841, 0, -0.0178538, 0, 1, 0, 0.0178538, 0, 0.999841, -0.495823, 0.630606, 0.00561404)
modulate = Color(0.32549, 0.796078, 1, 1)
texture = ExtResource("3_eykm3")

[node name="2" parent="Rotator/Constellation" instance=ExtResource("2_jmsol")]
transform = Transform3D(0.999841, 0, -0.0178538, 0, 1, 0, 0.0178538, 0, 0.999841, -0.303449, 0.66199, -0.197696)
texture = ExtResource("3_eykm3")

[node name="3" parent="Rotator/Constellation" instance=ExtResource("2_jmsol")]
transform = Transform3D(0.999841, 0, -0.0178538, 0, 1, 0, 0.0178538, 0, 0.999841, -0.160453, 0.806154, 0.00561404)
texture = ExtResource("3_eykm3")

[node name="4" parent="Rotator/Constellation" instance=ExtResource("2_jmsol")]
transform = Transform3D(0.999841, 0, -0.0178538, 0, 1, 0, 0.0178538, 0, 0.999841, 0.0610411, 0.814306, 0.0295329)
texture = ExtResource("4_1rq5s")

[node name="5" parent="Rotator/Constellation" instance=ExtResource("2_jmsol")]
transform = Transform3D(0.999841, 0, -0.0178538, 0, 1, 0, 0.0178538, 0, 0.999841, 0.00363719, 0.56881, 0.113249)
texture = ExtResource("3_eykm3")

[node name="6" parent="Rotator/Constellation" instance=ExtResource("2_jmsol")]
transform = Transform3D(0.999363, 0, -0.0357019, 0, 1, 0, 0.0357019, 0, 0.999363, -0.139802, 0.496601, -0.27069)
texture = ExtResource("3_eykm3")

[node name="7" parent="Rotator/Constellation" instance=ExtResource("2_jmsol")]
transform = Transform3D(0.998567, 0, -0.0535387, 0, 1, 0, 0.0535387, 0, 0.998567, -0.0918696, 0.178314, -0.163174)
texture = ExtResource("3_eykm3")

[node name="8" parent="Rotator/Constellation" instance=ExtResource("2_jmsol")]
transform = Transform3D(0.997452, 0, -0.0713584, 0, 1, 0, 0.0713584, 0, 0.997452, 0.150902, 0.140282, 0.575325)
texture = ExtResource("3_eykm3")

[node name="9" parent="Rotator/Constellation" instance=ExtResource("2_jmsol")]
transform = Transform3D(0.99602, 0, -0.0891553, 0, 1, 0, 0.0891553, 0, 0.99602, 0.147675, -0.225854, -0.666331)
texture = ExtResource("4_1rq5s")

[node name="10" parent="Rotator/Constellation" instance=ExtResource("2_jmsol")]
transform = Transform3D(0.999841, 0, -0.0178538, 0, 1, 0, 0.0178538, 0, 0.999841, -0.0100716, -0.325123, 0.165073)
texture = ExtResource("4_1rq5s")

[node name="11" parent="Rotator/Constellation" instance=ExtResource("2_jmsol")]
transform = Transform3D(0.999841, 0, -0.0178538, 0, 1, 0, 0.0178538, 0, 0.999841, 0.0685366, -0.793355, -0.0801039)
texture = ExtResource("3_eykm3")

[node name="12" parent="Rotator/Constellation" instance=ExtResource("2_jmsol")]
transform = Transform3D(0.999363, 0, -0.0357019, 0, 1, 0, 0.0357019, 0, 0.999363, -0.119333, -0.749361, 0.188663)
texture = ExtResource("3_eykm3")

[node name="Other Stars" type="Node3D" parent="Rotator"]
transform = Transform3D(1, 0, 0, 0, 1, 0, 0, 0, 1, 0.00296235, 0, 0)

[node name="Star" parent="Rotator/Other Stars" instance=ExtResource("2_jmsol")]
transform = Transform3D(1, 0, 0, 0, 1, 0, 0, 0, 1, -0.644619, 0.111813, -0.193228)

[node name="Star2" parent="Rotator/Other Stars" instance=ExtResource("2_jmsol")]
transform = Transform3D(1, 0, 0, 0, 1, 0, 0, 0, 1, -0.564884, -0.216811, -0.61703)

[node name="Star3" parent="Rotator/Other Stars" instance=ExtResource("2_jmsol")]
transform = Transform3D(1, 0, 0, 0, 1, 0, 0, 0, 1, 0.612, 0.520807, -0.370708)

[node name="Star4" parent="Rotator/Other Stars" instance=ExtResource("2_jmsol")]
transform = Transform3D(1, 0, 0, 0, 1, 0, 0, 0, 1, 0.745292, -0.128567, 0.261334)

[node name="Star5" parent="Rotator/Other Stars" instance=ExtResource("2_jmsol")]
transform = Transform3D(1, 0, 0, 0, 1, 0, 0, 0, 1, 0.605164, -0.408823, 0.165637)

[node name="Star6" parent="Rotator/Other Stars" instance=ExtResource("2_jmsol")]
transform = Transform3D(1, 0, 0, 0, 1, 0, 0, 0, 1, 0.57179, 0.184106, 0.661211)

[node name="CSGSphere3D" type="CSGSphere3D" parent="."]
transform = Transform3D(1, 0, 0, 0, 1, 0, 0, 0, 1, -4.76837e-07, 0, -4)
visible = false
radius = 1.0
